107 64 48 6511518425731936137335230424218715114116020325730433032528822622 3 1MT 852373202133299999999999999 2 0 48145114099999999999999
153 88 45 36 6612920828534537737533627119914411612115721628032934933428322 3 2MT 92638121 634999999999999999 245 35152211499999999999999
208130 65 31 37 82155238311361377357301227159113 9812017324230634835832922 3 3MT 957378214635999999999999999 322 281555 9899999999999999
266186110 56 36 58115195276339372370329259184124 91 9613820427433336536022 3 4MT1026376222236899999999999999 359 361622 8999999999999999
317246168103 65 65103169246316364377353296222153106 9211616823329634235922 3 5MT1052378225935999999999999999 431 601652 9299999999999999
340288217146 95 75 92140207274326352344302236166109 78 8312017924530133422 3 6MT1116353233434099999999999999 5 3 751722 7699999999999999
337307253190136103100130182243298334339313262197136 96 8610615121126931322 3 7MT1140341999999999999999999999 535 981750 8599999999999999
332322287235182142127138173222272310324311273218160115 91 9412317022427222 3 8MT 01033212 232499999999999999 6 51271823 8999999999999999
304313298264220181158154171204243278298298275234185140109 9710813818022322 3 9MT 053313122830199999999999999 64015319 2 9799999999999999
26128428827524821719117918119722225027027726924521117514312311913115618722 310MT 146289125827799999999999999 721178194711899999999999999
22024926827426925423521921021021622723924824924122520418116114614114616022 311MT 3 3274134025099999999999999 83120921 314199999999999999
18220723325527027527126124723422321721421722322923122721820418616715114322 312MT 5 327515492319999999999999912 3214231314399999999999999
14716318921925027629329628626724322120419519721022724124824423020617714922 313MT 6452961811248999999999999991321194999999999999999999999
13213114818122226429731731830127023420218217618721124026527627024721016622 314MT 735320191127699999999999999 035130135017699999999999999
13011211614318723928832433932929625020316715115718322326429330228624619222 315MT 8 6339195230299999999999999 119110141515199999999999999
138 99 84 9914220126431634835132527521716713713315620025329932432028522722 316MT 837353202232699999999999999 2 1 84143913199999999999999
159101 67 65 9815722929534336034529923517212710912316722928933234732727522 317MT 9 3361205634799999999999999 234 6215 510999999999999999
205133 78 55 7112219326833036637134128120914911210914320327133036436532922 318MT 939373213136999999999999999 3 6 54153510699999999999999
261181110 67 60 92155233305357378361307232160108 9011116222929734837035622 319MT10 537822 737199999999999999 341 581558 9099999999999999
305230151 90 61 71117189266328363361320249169103 65 6610517425131936237122 320MT1028367224437299999999999999 415 601630 6099999999999999
341279201130 84 72 99158231299345358334276199124 71 52 7212519827233236422 321MT1052358232736799999999999999 448 721659 5299999999999999
362324261190133101103137195261316345339299234160 96 57 53 8414221227932822 322MT1120347999999999999999999999 528 971737 5099999999999999
349340302245187144126138175228281320333315269206141 90 64 7010516222528122 323MT 011350115633399999999999999 6 71261820 6299999999999999
319334324290243198168159172203242278300301278234180129 92 76 8411516321522 324MT 1 5334123330499999999999999 6551591911 7699999999999999
26229530930328124821719418519020723225727227125322118314511610110412516122 325MT 214309132727499999999999999 8 7185202110099999999999999
20324428030531631129527525524023323324125626927226124021318215313112112622 326MT 4133161443272999999999999991033232221112099999999999999
14818122025828930931430227824822120018818920322324125024723320717413911322 327MT 5483141717250999999999999991226187235910399999999999999
10311414518823628131232331228123919616214514817020523926226825321917212322 328MT 7 13231848268999999999999991323144999999999999999999999
 87 71 8312117623729032533531627321816713212113717422226629629927322316322 329MT 751335193730199999999999999 1 5 71135512199999999999999
106 67 55 7712819526331734534330824818313010210513819325330433132528622322 330MT 826348202033399999999999999 151 551425 9999999999999999
153 94 59 58 93155229298345361341288216147 99 8110015021728132634032026822 331MT 858361205534099999999999999 232 5415 0 8199999999999999
