  1 25 62102138161168159137110 86 73 74 89114142165175167141103 61 23 -122 3 1KC 55616917 5175999999999999991124 722346 -699999999999999
 -6  9 40 82125159176174155125 91 66 57 66 89119151174179165133 90 45  922 3 2KC 6241781746179999999999999991159 57999999999999999999999
 -9 -6 17 56100141169178165137101 69 50 49 65 95131162180180159122 78 3622 3 3KC 653178182918299999999999999 022-111235 4799999999999999
  6 -3 10 39 79123158175172149113 76 48 37 43 67102139166179173148109 6722 3 4KC 720176191418099999999999999 055 -313 8 3699999999999999
 33 15 17 37 71112149173178164134 98 66 46 41 54 83119153174177162132 9522 3 5KC 745179194217899999999999999 125 131347 4199999999999999
 60 36 29 39 64 99134159170164140106 73 46 33 37 57 8611814415815613811022 3 6KC 8 8170202315999999999999999 154 291415 3299999999999999
 79 54 41 43 59 85116142159159143115 84 56 37 33 45 68 9612314315014312422 3 7KC 83216121 015099999999999999 225 401443 3299999999999999
100 78 64 61 70 90115138153157147125 98 70 48 36 39 53 74 9811813013212422 3 8KC 847158214113399999999999999 247 611519 3699999999999999
109 92 80 75 78 90107125140146142128107 83 60 45 40 44 57 75 9310711611722 3 9KC 9 5146223711899999999999999 3 8 7516 2 4099999999999999
111101 92 87 87 93104117129135134127113 96 78 62 51 47 51 61 73 85 9710522 310KC 924136999999999999999999999 333 861659 4799999999999999
108107104101100101106113120125126123117107 94 81 69 60 55 55 60 68 79 9122 311KC 0 5108 94012699999999999999 4 41001828 5599999999999999
101109114115115115114114115118119120120117112104 94 81 68 59 54 55 61 7322 312KC 346115113012099999999999999 6301132025 5499999999999999
 88102115124129128124118112108107109114120122120113101 85 68 52 44 45 5522 313KC 42412914 31229999999999999910 01072124 4399999999999999
 71 92113130141144139127114104 98 99106117127134134125108 85 61 43 34 3722 314KC 4541441534135999999999999991027 982215 3499999999999999
 53 77105130148155152138120101 88 85 91106124141150148134108 77 48 28 2122 315KC 5111551622151999999999999991051 852255 2199999999999999
 30 53 85117144160161148126101 80 69 72 87109133153161153129 95 59 28 1222 316KC 53616217 1161999999999999991117 682329 1099999999999999
 12 30 62100134159167158135104 75 55 52 64 88118148167170154123 84 45 1822 317KC 5591671741171999999999999991141 52999999999999999999999
  8 19 47 87128161179177157127 94 69 58 64 87121158187201195169130 87 5022 318KC 623180181320199999999999999 0 0  812 8 5899999999999999
 29 27 46 79120160185190175145107 71 49 45 57 84123162187193179148106 6622 319KC 644191184919399999999999999 035 251246 4499999999999999
 36 22 30 55 93133165180174148110 70 38 22 25 48 83124160180181162127 8722 320KC 713180193318399999999999999 1 9 221320 2199999999999999
 52 31 28 45 77115150171172154121 80 43 17 10 23 52 8912715717016514411222 321KC 735174201517199999999999999 136 271352 1099999999999999
 79 54 45 51 72103137163174166140104 65 34 14 12 28 56 9112314715715013222 322KC 8 617521 715799999999999999 2 5 451437 1099999999999999
107 83 67 64 74 96123149164164149121 87 55 31 19 21 39 66 9612213914514022 323KC 83116622 114599999999999999 245 641521 1899999999999999
126109 95 87 87 97115134149154148131106 76 49 29 20 24 37 57 8010111512222 324KC 9 2154231912299999999999999 330 851613 2099999999999999
120114105 96 92 94102113124131133127113 92 69 49 34 25 25 32 46 63 82 9922 325KC 945133999999999999999999999 412 921734 2499999999999999
113120123122118115114116122129134138137131119103 85 70 58 51 52 60 73 9122 326KC 2 8123112113899999999999999 5511141926 5099999999999999
111130142146145138127117110108111118126131130122107 87 67 47 33 27 31 4722 327KC 317146132213199999999999999 85510821 5 2799999999999999
 71 97120136144141129111 95 82 77 82 94109122128122107 84 58 32 13  5 1222 328KC 41614415 21289999999999999910 1 7722 4  599999999999999
 32 62 95123141146137117 93 70 56 55 67 87110128136133115 84 50 21  1 -422 329KC 4501461613137999999999999991035 542247 -499999999999999
  9 36 71107136150148130102 71 47 37 44 65 93123145154146121 85 48 19  322 330KC 52115117 31549999999999999911 5 372325  199999999999999
  5 25 58 97133157164151124 89 56 35 31 46 75110142164168153120 79 42 1622 331KC 5491641744169999999999999991143 312359  899999999999999
